 --------------------------------------------------------------------------------------------------------------------------------------------
VltData: BALANCE=443714&WINBALANCE=68277&REDEEMABLE_BALANCE=0&ADDITIONAL_PAYMENT=0&SESSION_OPEN=T&MINENTRY=30&MAXENTRY=750&GAME_FEATURES=1,0,2,0,3,0,4,0,5,0,6,0,7,0,8,0,9,0,10,0,11,0,12,1,13,0,14,0,15,0,16,0,17,0,18,0,19,0,20,0,21,1,22,0,23,0,24,0,25,0,26,0,27,1,28,0,29,0,30,0,31,0,32,0,33,0,34,0,35,0,36,0,37,0,38,0,39,0,40,0,41,0,42,0,43,0,44,0,45,0,46,0,47,0,48,0,49,0,50,0&LSV_LIST=NPW_COVERED,,SKILL_GAME_INST_DISPLAYED,,MENU_LAST_PAGE,&DENOMINATIONS=1,5&PLAYLEVELS=1,2,3,5&BATTERY_LEVELS=-1,-1,-1,-1&SESSION_GAMES_PLAYED=0&
--------------------------------------------------------------------------------------------------------------------------------------------
VltData: &CMD=443&RCVR=0&&&INIT=Reels=15;Strips=5;Rows=3;PlayLines=30;ExtraLines=0;Wild=10;Scatter=9;&&WLDIR=LeftToRight&&PTBL=29,510,5000,5000,501,4000,4000,401,250,250,301,25,25,502,2000,2000,402,200,200,302,20,20,503,1000,1000,403,150,150,303,15,15,504,300,300,404,50,50,304,10,10,505,200,200,405,35,35,305,8,8,506,150,150,406,20,20,306,7,7,507,100,100,407,20,20,307,5,5,508,100,100,408,20,20,308,5,5,561,50,50,462,10,10,363,3,3,209,2,2&&Line=5,5,6,7,8,9,5,0,1,2,3,4,5,10,11,12,13,14,5,0,6,12,8,4,5,10,6,2,8,14,5,10,6,2,3,4,5,0,6,12,13,14,5,5,6,7,3,4,5,5,6,7,13,14,5,5,1,2,3,9,5,5,11,12,13,9,5,0,11,2,13,4,5,10,1,12,3,14,5,0,6,2,8,4,5,10,11,12,8,4,5,5,6,2,8,9,5,5,6,12,8,9,5,5,1,7,3,9,5,5,11,7,13,9,5,0,1,7,13,14,5,10,11,7,3,4,5,10,6,12,8,14,5,10,6,7,8,14,5,0,6,7,8,4,5,0,1,2,8,14,5,0,6,7,8,9,5,10,6,7,8,9,5,0,6,2,8,14,5,10,6,12,8,4,5,10,1,7,3,14&&PTBM=id=510;amount=5000;maxPrize=5000;id=501;amount=4000;maxPrize=4000;id=401;amount=250;maxPrize=250;id=301;amount=25;maxPrize=25;id=502;amount=2000;maxPrize=2000;id=402;amount=200;maxPrize=200;id=302;amount=20;maxPrize=20;id=503;amount=1000;maxPrize=1000;id=403;amount=150;maxPrize=150;id=303;amount=15;maxPrize=15;id=504;amount=300;maxPrize=300;id=404;amount=50;maxPrize=50;id=304;amount=10;maxPrize=10;id=505;amount=200;maxPrize=200;id=405;amount=35;maxPrize=35;id=305;amount=8;maxPrize=8;id=506;amount=150;maxPrize=150;id=406;amount=20;maxPrize=20;id=306;amount=7;maxPrize=7;id=507;amount=100;maxPrize=100;id=407;amount=20;maxPrize=20;id=307;amount=5;maxPrize=5;id=508;amount=100;maxPrize=100;id=408;amount=20;maxPrize=20;id=308;amount=5;maxPrize=5;id=561;amount=50;maxPrize=50;id=462;amount=10;maxPrize=10;id=363;amount=3;maxPrize=3;id=209;amount=2;maxPrize=2&&GEVR=1&&STARTUP=T&FROM_GE=T&
--------------------------------------------------------------------------------------------------------------------------------------------
VltData: &RCVR=0&CMD=298&PTBS=9200&&&INIT=Reels=15;Strips=5;Rows=3;PlayLines=30;ExtraLines=0;Wild=10;Scatter=9;&&WLDIR=LeftToRight&&PTBL=29,510,5000,5000,501,4000,4000,401,250,250,301,25,25,502,2000,2000,402,200,200,302,20,20,503,1000,1000,403,150,150,303,15,15,504,300,300,404,50,50,304,10,10,505,200,200,405,35,35,305,8,8,506,150,150,406,20,20,306,7,7,507,100,100,407,20,20,307,5,5,508,100,100,408,20,20,308,5,5,561,50,50,462,10,10,363,3,3,209,2,2&&Line=5,5,6,7,8,9,5,0,1,2,3,4,5,10,11,12,13,14,5,0,6,12,8,4,5,10,6,2,8,14,5,10,6,2,3,4,5,0,6,12,13,14,5,5,6,7,3,4,5,5,6,7,13,14,5,5,1,2,3,9,5,5,11,12,13,9,5,0,11,2,13,4,5,10,1,12,3,14,5,0,6,2,8,4,5,10,11,12,8,4,5,5,6,2,8,9,5,5,6,12,8,9,5,5,1,7,3,9,5,5,11,7,13,9,5,0,1,7,13,14,5,10,11,7,3,4,5,10,6,12,8,14,5,10,6,7,8,14,5,0,6,7,8,4,5,0,1,2,8,14,5,0,6,7,8,9,5,10,6,7,8,9,5,0,6,2,8,14,5,10,6,12,8,4,5,10,1,7,3,14&&PTBM=id=510;amount=5000;maxPrize=5000;id=501;amount=4000;maxPrize=4000;id=401;amount=250;maxPrize=250;id=301;amount=25;maxPrize=25;id=502;amount=2000;maxPrize=2000;id=402;amount=200;maxPrize=200;id=302;amount=20;maxPrize=20;id=503;amount=1000;maxPrize=1000;id=403;amount=150;maxPrize=150;id=303;amount=15;maxPrize=15;id=504;amount=300;maxPrize=300;id=404;amount=50;maxPrize=50;id=304;amount=10;maxPrize=10;id=505;amount=200;maxPrize=200;id=405;amount=35;maxPrize=35;id=305;amount=8;maxPrize=8;id=506;amount=150;maxPrize=150;id=406;amount=20;maxPrize=20;id=306;amount=7;maxPrize=7;id=507;amount=100;maxPrize=100;id=407;amount=20;maxPrize=20;id=307;amount=5;maxPrize=5;id=508;amount=100;maxPrize=100;id=408;amount=20;maxPrize=20;id=308;amount=5;maxPrize=5;id=561;amount=50;maxPrize=50;id=462;amount=10;maxPrize=10;id=363;amount=3;maxPrize=3;id=209;amount=2;maxPrize=2&&&GEVR=1&&FROM_GE=T&BALANCE=443714&WINBALANCE=68277&REDEEMABLE_BALANCE=0&ADDITIONAL_PAYMENT=0&SESSION_OPEN=T&
--------------------------------------------------------------------------------------------------------------------------------------------
VltData: HAO_620^&&&&PLNE=1,1,1,1,1,1,1,1,1,1,1,1,1,1,1,1,1,1,1,1,1,1,1,1,1,1,1,1,1,1&&MWON1=0&REEL1=1,8,7,2,3,8,2,3,3,5,2,3,7,2,8&SPINS=1&CASCADE_WIN=0&&CMD=435&PLAY_LINES=30&CBET=30&MBET=150&ACCB=30&TWIN=0&SYSWIN=0&&TICKET=25208502&POOLNUM=845228502&GEVR=1&&FROM_GE=T&BALANCE=443684&WINBALANCE=68277&REDEEMABLE_BALANCE=0&ADDITIONAL_PAYMENT=0&SESSION_OPEN=T&
--------------------------------------------------------------------------------------------------------------------------------------------
VltData: HAO_621^&&&&PLNE=1,1,1,1,1,1,1,1,1,1,1,1,1,1,1,1,1,1,1,1,1,1,1,1,1,1,1,1,1,1&&MWON1=0&REEL1=8,5,8,4,6,6,6,2,7,3,5,5,8,1,5&SPINS=1&CASCADE_WIN=0&&CMD=435&PLAY_LINES=30&CBET=30&MBET=150&ACCB=30&TWIN=0&SYSWIN=0&&TICKET=25208503&POOLNUM=845228503&GEVR=1&&FROM_GE=T&BALANCE=443654&WINBALANCE=68277&REDEEMABLE_BALANCE=0&ADDITIONAL_PAYMENT=0&SESSION_OPEN=T&
--------------------------------------------------------------------------------------------------------------------------------------------
VltData: HAO_622^&&&&PLNE=1,1,1,1,1,1,1,1,1,1,1,1,1,1,1,1,1,1,1,1,1,1,1,1,1,1,1,1,1,1&&MWON1=30&REEL1=3,8,8,10,4,5,8,5,1,4,6,5,3,6,1&WLINE1=18,462,10,20,462,20&SPINS=1&CASCADE_WIN=30&&CMD=435&PLAY_LINES=30&CBET=30&MBET=150&ACCB=30&TWIN=30&SYSWIN=30&&TICKET=25208504&POOLNUM=845228504&GEVR=1&&FROM_GE=T&BALANCE=443624&WINBALANCE=68307&REDEEMABLE_BALANCE=0&ADDITIONAL_PAYMENT=0&SESSION_OPEN=T&
--------------------------------------------------------------------------------------------------------------------------------------------
VltData: HAO_623^&&&&PLNE=1,1,1,1,1,1,1,1,1,1,1,1,1,1,1,1,1,1,1,1,1,1,1,1,1,1,1,1,1,1&&MWON1=16&REEL1=2,6,4,6,5,8,7,7,4,6,5,4,4,7,1&WLINE1=22,363,3,26,363,3,29,462,10&SPINS=1&CASCADE_WIN=16&&CMD=435&PLAY_LINES=30&CBET=30&MBET=150&ACCB=30&TWIN=16&SYSWIN=16&&TICKET=25208505&POOLNUM=845228505&GEVR=1&&FROM_GE=T&BALANCE=443594&WINBALANCE=68323&REDEEMABLE_BALANCE=0&ADDITIONAL_PAYMENT=0&SESSION_OPEN=T&
--------------------------------------------------------------------------------------------------------------------------------------------
VltData: HAO_624^&&&&PLNE=1,1,1,1,1,1,1,1,1,1,1,1,1,1,1,1,1,1,1,1,1,1,1,1,1,1,1,1,1,1&&MATRIX1=0,-1,-1,3,4,5,-1,-1,8,9,10,-1,-1,13,14&MWON1=30&REEL1=1,1,3,2,9,9,3,6,5,7,3,2,8,9,5&WLINE1=4,303,15,5,303,15&&&&MWON2=0&REEL2=1,4,1,2,9,9,8,6,5,7,3,6,1,9,5&SPINS=2&CASCADE_WIN=30&&FSDT=30,9,0,510,0,0,9,0,0,0,0,18,0,9,0,0&&FSMP=1,3,3,3,3,3,3,3,3,3,3,3,3,3,3,3&&FSPN=15,15,1,0,0&&WFST=555&ACCF=0&FSNM=15&FSID=-1,-1&&CMD=435&PLAY_LINES=30&CBET=30&MBET=150&ACCB=30&TWIN=585&SYSWIN=585&&TICKET=25208506&POOLNUM=845228506&GEVR=1&&FROM_GE=T&BALANCE=443564&WINBALANCE=68908&REDEEMABLE_BALANCE=0&ADDITIONAL_PAYMENT=0&SESSION_OPEN=T&
--------------------------------------------------------------------------------------------------------------------------------------------
VltData: HAO_624^&&&&PLNE=1,1,1,1,1,1,1,1,1,1,1,1,1,1,1,1,1,1,1,1,1,1,1,1,1,1,1,1,1,1&&MWON1=9&REEL1=3,3,5,6,8,6,4,5,8,7,4,7,8,8,3&WLINE1=18,363,9&SPINS=1&CASCADE_WIN=9&&FSDT=30,9,0,510,0,0,9,0,0,0,0,18,0,9,0,0&WFST=555&&FSMP=1,3,3,3,3,3,3,3,3,3,3,3,3,3,3,3&&&FSID=-1,-1&&FSNM=15&&&CMD=300&PLAY_LINES=30&CBET=30&MBET=150&FSPN=14,0,3,3,1&&ACCF=9&&ACCB=30&TWIN=9&SYSWIN=585&&TICKET=25208506&POOLNUM=845228506&GEVR=1&&FROM_GE=T&BALANCE=443564&WINBALANCE=68908&REDEEMABLE_BALANCE=0&ADDITIONAL_PAYMENT=0&SESSION_OPEN=T&
--------------------------------------------------------------------------------------------------------------------------------------------
VltData: HAO_624^&&&&PLNE=1,1,1,1,1,1,1,1,1,1,1,1,1,1,1,1,1,1,1,1,1,1,1,1,1,1,1,1,1,1&&MWON1=0&REEL1=2,5,5,6,7,1,3,8,3,8,1,3,2,6,6&SPINS=1&CASCADE_WIN=0&&FSDT=30,9,0,510,0,0,9,0,0,0,0,18,0,9,0,0&WFST=555&&FSMP=1,3,3,3,3,3,3,3,3,3,3,3,3,3,3,3&&&FSID=-1,-1&&FSNM=15&&&CMD=300&PLAY_LINES=30&CBET=30&MBET=150&FSPN=13,0,3,3,2&&ACCF=9&&ACCB=30&TWIN=0&SYSWIN=585&&TICKET=25208506&POOLNUM=845228506&GEVR=1&&FROM_GE=T&BALANCE=443564&WINBALANCE=68908&REDEEMABLE_BALANCE=0&ADDITIONAL_PAYMENT=0&SESSION_OPEN=T&
--------------------------------------------------------------------------------------------------------------------------------------------
VltData: HAO_624^&&&&PLNE=1,1,1,1,1,1,1,1,1,1,1,1,1,1,1,1,1,1,1,1,1,1,1,1,1,1,1,1,1,1&&MWON1=510&REEL1=2,6,4,6,10,6,5,8,6,6,7,1,6,7,2&WLINE1=12,462,30,16,561,150,21,462,30,28,561,300&SPINS=1&CASCADE_WIN=510&&FSDT=30,9,0,510,0,0,9,0,0,0,0,18,0,9,0,0&WFST=555&&FSMP=1,3,3,3,3,3,3,3,3,3,3,3,3,3,3,3&&&FSID=-1,-1&&FSNM=15&&&CMD=300&PLAY_LINES=30&CBET=30&MBET=150&FSPN=12,0,3,3,3&&ACCF=519&&ACCB=30&TWIN=510&SYSWIN=585&&TICKET=25208506&POOLNUM=845228506&GEVR=1&&FROM_GE=T&BALANCE=443564&WINBALANCE=68908&REDEEMABLE_BALANCE=0&ADDITIONAL_PAYMENT=0&SESSION_OPEN=T&
--------------------------------------------------------------------------------------------------------------------------------------------
VltData: HAO_624^&&&&PLNE=1,1,1,1,1,1,1,1,1,1,1,1,1,1,1,1,1,1,1,1,1,1,1,1,1,1,1,1,1,1&&MWON1=0&REEL1=5,6,8,5,4,5,4,1,9,6,6,4,8,3,1&SPINS=1&CASCADE_WIN=0&&FSDT=30,9,0,510,0,0,9,0,0,0,0,18,0,9,0,0&WFST=555&&FSMP=1,3,3,3,3,3,3,3,3,3,3,3,3,3,3,3&&&FSID=-1,-1&&FSNM=15&&&CMD=300&PLAY_LINES=30&CBET=30&MBET=150&FSPN=11,0,3,3,4&&ACCF=519&&ACCB=30&TWIN=0&SYSWIN=585&&TICKET=25208506&POOLNUM=845228506&GEVR=1&&FROM_GE=T&BALANCE=443564&WINBALANCE=68908&REDEEMABLE_BALANCE=0&ADDITIONAL_PAYMENT=0&SESSION_OPEN=T&
--------------------------------------------------------------------------------------------------------------------------------------------
VltData: HAO_624^&&&&PLNE=1,1,1,1,1,1,1,1,1,1,1,1,1,1,1,1,1,1,1,1,1,1,1,1,1,1,1,1,1,1&&MWON1=0&REEL1=9,8,1,5,8,3,7,4,6,5,3,1,5,3,5&SPINS=1&CASCADE_WIN=0&&FSDT=30,9,0,510,0,0,9,0,0,0,0,18,0,9,0,0&WFST=555&&FSMP=1,3,3,3,3,3,3,3,3,3,3,3,3,3,3,3&&&FSID=-1,-1&&FSNM=15&&&CMD=300&PLAY_LINES=30&CBET=30&MBET=150&FSPN=10,0,3,3,5&&ACCF=519&&ACCB=30&TWIN=0&SYSWIN=585&&TICKET=25208506&POOLNUM=845228506&GEVR=1&&FROM_GE=T&BALANCE=443564&WINBALANCE=68908&REDEEMABLE_BALANCE=0&ADDITIONAL_PAYMENT=0&SESSION_OPEN=T&
--------------------------------------------------------------------------------------------------------------------------------------------
VltData: HAO_624^&&&&PLNE=1,1,1,1,1,1,1,1,1,1,1,1,1,1,1,1,1,1,1,1,1,1,1,1,1,1,1,1,1,1&&MWON1=9&REEL1=6,3,3,6,6,7,1,6,5,5,8,6,3,4,6&WLINE1=18,363,9&SPINS=1&CASCADE_WIN=9&&FSDT=30,9,0,510,0,0,9,0,0,0,0,18,0,9,0,0&WFST=555&&FSMP=1,3,3,3,3,3,3,3,3,3,3,3,3,3,3,3&&&FSID=-1,-1&&FSNM=15&&&CMD=300&PLAY_LINES=30&CBET=30&MBET=150&FSPN=9,0,3,3,6&&ACCF=528&&ACCB=30&TWIN=9&SYSWIN=585&&TICKET=25208506&POOLNUM=845228506&GEVR=1&&FROM_GE=T&BALANCE=443564&WINBALANCE=68908&REDEEMABLE_BALANCE=0&ADDITIONAL_PAYMENT=0&SESSION_OPEN=T&
--------------------------------------------------------------------------------------------------------------------------------------------
VltData: HAO_624^&&&&PLNE=1,1,1,1,1,1,1,1,1,1,1,1,1,1,1,1,1,1,1,1,1,1,1,1,1,1,1,1,1,1&&MWON1=0&REEL1=7,8,8,7,5,6,6,3,2,8,9,7,2,5,5&SPINS=1&CASCADE_WIN=0&&FSDT=30,9,0,510,0,0,9,0,0,0,0,18,0,9,0,0&WFST=555&&FSMP=1,3,3,3,3,3,3,3,3,3,3,3,3,3,3,3&&&FSID=-1,-1&&FSNM=15&&&CMD=300&PLAY_LINES=30&CBET=30&MBET=150&FSPN=8,0,3,3,7&&ACCF=528&&ACCB=30&TWIN=0&SYSWIN=585&&TICKET=25208506&POOLNUM=845228506&GEVR=1&&FROM_GE=T&BALANCE=443564&WINBALANCE=68908&REDEEMABLE_BALANCE=0&ADDITIONAL_PAYMENT=0&SESSION_OPEN=T&
--------------------------------------------------------------------------------------------------------------------------------------------
VltData: HAO_624^&&&&PLNE=1,1,1,1,1,1,1,1,1,1,1,1,1,1,1,1,1,1,1,1,1,1,1,1,1,1,1,1,1,1&&MWON1=0&REEL1=5,4,8,10,8,4,3,7,7,5,4,6,8,6,7&SPINS=1&CASCADE_WIN=0&&FSDT=30,9,0,510,0,0,9,0,0,0,0,18,0,9,0,0&WFST=555&&FSMP=1,3,3,3,3,3,3,3,3,3,3,3,3,3,3,3&&&FSID=-1,-1&&FSNM=15&&&CMD=300&PLAY_LINES=30&CBET=30&MBET=150&FSPN=7,0,3,3,8&&ACCF=528&&ACCB=30&TWIN=0&SYSWIN=585&&TICKET=25208506&POOLNUM=845228506&GEVR=1&&FROM_GE=T&BALANCE=443564&WINBALANCE=68908&REDEEMABLE_BALANCE=0&ADDITIONAL_PAYMENT=0&SESSION_OPEN=T&
--------------------------------------------------------------------------------------------------------------------------------------------
VltData: HAO_624^&&&&PLNE=1,1,1,1,1,1,1,1,1,1,1,1,1,1,1,1,1,1,1,1,1,1,1,1,1,1,1,1,1,1&&MWON1=0&REEL1=4,5,2,1,2,6,6,8,6,7,8,6,8,7,5&SPINS=1&CASCADE_WIN=0&&FSDT=30,9,0,510,0,0,9,0,0,0,0,18,0,9,0,0&WFST=555&&FSMP=1,3,3,3,3,3,3,3,3,3,3,3,3,3,3,3&&&FSID=-1,-1&&FSNM=15&&&CMD=300&PLAY_LINES=30&CBET=30&MBET=150&FSPN=6,0,3,3,9&&ACCF=528&&ACCB=30&TWIN=0&SYSWIN=585&&TICKET=25208506&POOLNUM=845228506&GEVR=1&&FROM_GE=T&BALANCE=443564&WINBALANCE=68908&REDEEMABLE_BALANCE=0&ADDITIONAL_PAYMENT=0&SESSION_OPEN=T&
--------------------------------------------------------------------------------------------------------------------------------------------
VltData: HAO_624^&&&&PLNE=1,1,1,1,1,1,1,1,1,1,1,1,1,1,1,1,1,1,1,1,1,1,1,1,1,1,1,1,1,1&&MWON1=0&REEL1=8,10,5,6,7,8,6,7,5,7,9,6,4,8,7&SPINS=1&CASCADE_WIN=0&&FSDT=30,9,0,510,0,0,9,0,0,0,0,18,0,9,0,0&WFST=555&&FSMP=1,3,3,3,3,3,3,3,3,3,3,3,3,3,3,3&&&FSID=-1,-1&&FSNM=15&&&CMD=300&PLAY_LINES=30&CBET=30&MBET=150&FSPN=5,0,3,3,10&&ACCF=528&&ACCB=30&TWIN=0&SYSWIN=585&&TICKET=25208506&POOLNUM=845228506&GEVR=1&&FROM_GE=T&BALANCE=443564&WINBALANCE=68908&REDEEMABLE_BALANCE=0&ADDITIONAL_PAYMENT=0&SESSION_OPEN=T&
--------------------------------------------------------------------------------------------------------------------------------------------
VltData: HAO_624^&&&&PLNE=1,1,1,1,1,1,1,1,1,1,1,1,1,1,1,1,1,1,1,1,1,1,1,1,1,1,1,1,1,1&&MWON1=18&REEL1=5,9,8,7,8,7,3,7,3,4,2,5,5,2,8&WLINE1=10,363,9,18,363,9&SPINS=1&CASCADE_WIN=18&&FSDT=30,9,0,510,0,0,9,0,0,0,0,18,0,9,0,0&WFST=555&&FSMP=1,3,3,3,3,3,3,3,3,3,3,3,3,3,3,3&&&FSID=-1,-1&&FSNM=15&&&CMD=300&PLAY_LINES=30&CBET=30&MBET=150&FSPN=4,0,3,3,11&&ACCF=546&&ACCB=30&TWIN=18&SYSWIN=585&&TICKET=25208506&POOLNUM=845228506&GEVR=1&&FROM_GE=T&BALANCE=443564&WINBALANCE=68908&REDEEMABLE_BALANCE=0&ADDITIONAL_PAYMENT=0&SESSION_OPEN=T&
--------------------------------------------------------------------------------------------------------------------------------------------
VltData: HAO_624^&&&&PLNE=1,1,1,1,1,1,1,1,1,1,1,1,1,1,1,1,1,1,1,1,1,1,1,1,1,1,1,1,1,1&&MWON1=0&REEL1=4,2,5,7,7,10,8,5,8,8,8,3,4,4,8&SPINS=1&CASCADE_WIN=0&&FSDT=30,9,0,510,0,0,9,0,0,0,0,18,0,9,0,0&WFST=555&&FSMP=1,3,3,3,3,3,3,3,3,3,3,3,3,3,3,3&&&FSID=-1,-1&&FSNM=15&&&CMD=300&PLAY_LINES=30&CBET=30&MBET=150&FSPN=3,0,3,3,12&&ACCF=546&&ACCB=30&TWIN=0&SYSWIN=585&&TICKET=25208506&POOLNUM=845228506&GEVR=1&&FROM_GE=T&BALANCE=443564&WINBALANCE=68908&REDEEMABLE_BALANCE=0&ADDITIONAL_PAYMENT=0&SESSION_OPEN=T&
--------------------------------------------------------------------------------------------------------------------------------------------
VltData: HAO_624^&&&&PLNE=1,1,1,1,1,1,1,1,1,1,1,1,1,1,1,1,1,1,1,1,1,1,1,1,1,1,1,1,1,1&&MWON1=9&REEL1=2,1,6,1,4,8,8,5,1,2,6,6,4,7,7&WLINE1=20,363,9&SPINS=1&CASCADE_WIN=9&&FSDT=30,9,0,510,0,0,9,0,0,0,0,18,0,9,0,0&WFST=555&&FSMP=1,3,3,3,3,3,3,3,3,3,3,3,3,3,3,3&&&FSID=-1,-1&&FSNM=15&&&CMD=300&PLAY_LINES=30&CBET=30&MBET=150&FSPN=2,0,3,3,13&&ACCF=555&&ACCB=30&TWIN=9&SYSWIN=585&&TICKET=25208506&POOLNUM=845228506&GEVR=1&&FROM_GE=T&BALANCE=443564&WINBALANCE=68908&REDEEMABLE_BALANCE=0&ADDITIONAL_PAYMENT=0&SESSION_OPEN=T&
--------------------------------------------------------------------------------------------------------------------------------------------
VltData: HAO_624^&&&&PLNE=1,1,1,1,1,1,1,1,1,1,1,1,1,1,1,1,1,1,1,1,1,1,1,1,1,1,1,1,1,1&&MWON1=0&REEL1=3,7,3,6,5,6,2,8,4,7,7,8,1,8,2&SPINS=1&CASCADE_WIN=0&&FSDT=30,9,0,510,0,0,9,0,0,0,0,18,0,9,0,0&WFST=555&&FSMP=1,3,3,3,3,3,3,3,3,3,3,3,3,3,3,3&&&FSID=-1,-1&&FSNM=15&&&CMD=300&PLAY_LINES=30&CBET=30&MBET=150&FSPN=1,0,3,3,14&&ACCF=555&&ACCB=30&TWIN=0&SYSWIN=585&&TICKET=25208506&POOLNUM=845228506&GEVR=1&&FROM_GE=T&BALANCE=443564&WINBALANCE=68908&REDEEMABLE_BALANCE=0&ADDITIONAL_PAYMENT=0&SESSION_OPEN=T&
--------------------------------------------------------------------------------------------------------------------------------------------
VltData: HAO_624^&&&&PLNE=1,1,1,1,1,1,1,1,1,1,1,1,1,1,1,1,1,1,1,1,1,1,1,1,1,1,1,1,1,1&&MWON1=0&REEL1=3,5,2,7,5,2,4,5,2,7,4,4,6,8,4&SPINS=1&CASCADE_WIN=0&&FSDT=30,9,0,510,0,0,9,0,0,0,0,18,0,9,0,0&WFST=555&&FSMP=1,3,3,3,3,3,3,3,3,3,3,3,3,3,3,3&&&FSID=-1,-1&&FSNM=15&&&CMD=300&PLAY_LINES=30&CBET=30&MBET=150&FSPN=0,0,1,3,15&&ACCF=555&&ACCB=30&TWIN=0&SYSWIN=585&&TICKET=25208506&POOLNUM=845228506&GEVR=1&&FROM_GE=T&BALANCE=443564&WINBALANCE=68908&REDEEMABLE_BALANCE=0&ADDITIONAL_PAYMENT=0&SESSION_OPEN=T&
--------------------------------------------------------------------------------------------------------------------------------------------
VltData: HAO_625^&&&&PLNE=1,1,1,1,1,1,1,1,1,1,1,1,1,1,1,1,1,1,1,1,1,1,1,1,1,1,1,1,1,1&&MWON1=0&REEL1=7,1,8,8,10,3,5,4,10,5,4,7,8,6,7&SPINS=1&CASCADE_WIN=0&&CMD=435&PLAY_LINES=30&CBET=30&MBET=150&ACCB=30&TWIN=0&SYSWIN=0&&TICKET=25208507&POOLNUM=845228507&GEVR=1&&FROM_GE=T&BALANCE=443534&WINBALANCE=68908&REDEEMABLE_BALANCE=0&ADDITIONAL_PAYMENT=0&SESSION_OPEN=T&
--------------------------------------------------------------------------------------------------------------------------------------------